Zcr[98] = {
     0,     0,     0,     0,     0,     0,     0,     0,     0,     0,
     0,     0,     0,     0,     0,     0,     0,     0,     0,     0,
     0,     0,     0,     0,     0,     0,     0,     0,     0,     0,
     0,     0,     0,     0,     0,    13,    90,   160,   150,    97,
    54,    46,    42,    36,    41,    43,    40,    43,    43,    45,
    46,    43,    41,    45,    52,    57,    58,    56,    55,    53,
    44,    20,     0,     0,     0,     0,     0,     0,     0,     0,
     0,     0,     0,     0,     0,     0,     0,     0,     0,     0,
     0,     0,     0,     0,     0,     0,     0,     0,     0,     0,
     0,     0,     0,     0,     0,     0,     0,     0,